E=0.203,Desorbed=3400674316836.426,ExportTimes=[0.001, 0.002, 0.0025, 0.005, 0.0075, 0.01, 0.025, 0.05, 0.1]
0.000000000000000000e+00,1.574150281432247828e+22
3.061224489795918210e-05,1.574172296764068777e+22
6.122448979591836420e-05,1.574236878437939465e+22
9.183673469387754629e-05,1.574339770627550242e+22
1.224489795918367284e-04,1.574474333663540124e+22
1.530612244897959105e-04,1.574632112481257285e+22
1.836734693877550926e-04,1.574803485822331912e+22
2.142857142857142747e-04,1.574978400132603996e+22
2.448979591836734568e-04,1.575147256051732054e+22
2.755102040816326389e-04,1.575301918211412748e+22
3.061224489795918210e-04,1.575436607445129809e+22
3.367346938775510031e-04,1.575548353562969689e+22
3.673469387755101852e-04,1.575636861645033256e+22
3.979591836734693673e-04,1.575703913303018517e+22
4.285714285714285494e-04,1.575752566845969374e+22
4.591836734693877315e-04,1.575786400000155792e+22
4.897959183673469136e-04,1.575808935866672978e+22
5.204081632653060957e-04,1.575823292232766167e+22
5.510204081632652778e-04,1.575832030747951523e+22
5.816326530612244599e-04,1.575837140470965102e+22
6.122448979591836420e-04,1.575840067736420378e+22
6.428571428571428241e-04,1.575841748917966340e+22
6.734693877551020062e-04,1.575842709215667814e+22
7.040816326530611883e-04,1.575843233289650517e+22
7.346938775510203704e-04,1.575843498876971306e+22
7.653061224489795525e-04,1.575843625229948341e+22
7.959183673469387345e-04,1.575843683679487394e+22
8.265306122448979166e-04,1.575843710884007798e+22
8.571428571428570987e-04,1.575843723938206895e+22
8.877551020408162808e-04,1.575843730502065953e+22
9.183673469387754629e-04,1.575843733998085446e+22
9.489795918367346450e-04,1.575843735983529918e+22
9.795918367346938271e-04,1.575843737188791694e+22
1.010204081632653118e-03,1.575843737969599762e+22
1.040816326530612191e-03,1.575843738506682067e+22
1.071428571428571265e-03,1.575843738896086283e+22
1.102040816326530556e-03,1.575843739191228131e+22
1.132653061224489846e-03,1.575843739423224732e+22
1.163265306122448920e-03,1.575843739611011482e+22
1.193877551020407993e-03,1.575843739766592687e+22
1.224489795918367284e-03,1.575843739897897261e+22
1.255102040816326574e-03,1.575843740010351375e+22
1.285714285714285648e-03,1.575843740107781282e+22
1.316326530612244722e-03,1.575843740192978082e+22
1.346938775510204012e-03,1.575843740268018585e+22
1.377551020408163303e-03,1.575843740334483623e+22
1.408163265306122377e-03,1.575843740393620583e+22
1.438775510204081450e-03,1.575843740446405480e+22
1.469387755102040741e-03,1.575843740493631036e+22
1.500000000000000031e-03,1.575843740535938771e+22
